2411.02 3310.21 5
-1246.65 -3098.39 5
166.298 6042.84 5
2205.72 -2550.33 5
1546.31 -648.603 5
2238.15 -2918.48 5
1858.85 -2572.63 5
-2825.33 -4917.73 5
2452.48 4270.56 5
1647.7 -6503.87 5
-4838.67 -4422.75 5
-1609.86 -4815.66 5
3103.9 2832.61 5
2471.41 -2516.5 5
4216.93 -3928.61 5
409.489 343.887 5
5489.5 -195.175 5
4543.74 3001.91 5
4555.9 4841.96 5
-725.813 -7273.17 5
-5090.14 1156 5
-2702.72 1668.4 5
-2796.19 -4838.58 5
-507.18 4178.89 5
-3512.29 -3148.55 5
-542.167 -4437.18 5
4.50324 -6065.39 5
-664.153 -5718.01 5
-138.745 6340.36 5
-6339.61 3157.78 5
197.569 1318.01 5
-4309.28 -344.45 5
-2802.11 -1308.31 5
6894.96 -311.749 5
-5515.73 -34.2197 5
-2922.54 314.411 5
1904.84 1394.23 5
-1255.29 4047.24 5
5910.91 115.063 5
-3067.41 2228.02 5
-1085.76 1564.79 5
-3847.24 1682.77 5
3436.4 -4832.91 5
3734.65 4967.32 5
3310.83 -3306.25 5
-728.586 -6816.37 5
2334.38 633.595 5
-2846.02 -921.335 5
1979.01 -3435.92 5
7125.05 262.468 5
3542.78 -4583.97 5
3411.75 -3314.26 5
2117.93 -5133.49 5
-6078.78 2380.63 5
1541.46 1694.85 5
-4589.21 4030.95 5
-1851.08 2363.86 5
640.646 -6777.58 5
4803.52 -4430.39 5
-2599.42 4213.27 5
-1006.29 -6148.19 5
-917.81 396.267 5
-709.728 -1723.67 5
5903.88 4601.37 5
-4617.12 -807.583 5
-4211.75 -585.466 5
5344.75 -2968.23 5
3496.83 5716.67 5
3320.66 -5378.72 5
1872.93 -1585.47 5
5364.25 310.605 5
-3125.02 -340.202 5
-6059.6 497.687 5
5616.78 1356.89 5
1099.22 -597.923 5
-25.098 -716.166 5
5073.97 -5490.4 5
3664.56 -5704.91 5
6297.95 -3346.62 5
-4067.31 -1662.86 5
7490.3 -123.834 5
2785.73 -2099.46 5
4084.13 6163.28 5
-7023.22 -998.559 5
3268.33 6077.1 5
-4611.24 4247.57 5
-5078.98 4898.99 5
3827.44 6252.83 5
-2357.4 3402.03 5
-5904.82 772.312 5
2635.7 1627.77 5
-1669.52 -1161.62 5
5311.12 -4899.98 5
-1134.89 -3550 5
-3473.58 5841.71 5
-1936.51 -3331.71 5
-5374.79 -3081.81 5
6528.43 2326.22 5
5462.41 -2758.23 5
-2506.17 -5823.37 5
-6433.55 591.432 5
-498.025 -2315.4 5
-1510.69 7327.33 5
-5220.86 -1708.71 5
-7299.88 398.635 5
-2774.03 -540.007 5
-4155.74 -1118.14 5
1272.8 5459.51 5
-633.694 2672.17 5
-3437.06 -3216.55 5
3477.64 4027.52 5
40.2443 1575.28 5
-5639.65 -2989.96 5
4364.11 1785.01 5
-7018.55 -912.834 5
-3362.52 5954.75 5
3421.85 3113.75 5
-3862.17 1688.17 5
-3254.68 -5620.86 5
-2380.56 -444.668 5
-6351.57 1411.11 5
5062.08 996.291 5
-339.406 -3568.03 5
-2619.85 5400.15 5
6555.24 -1764.75 5
5582.67 -4102.01 5
-4867.38 -2101.37 5
-4998.99 3068.03 5
-6409.6 2329.9 5
-1883.23 -4327.07 5
1772.59 -4614.15 5
-5636.56 543.061 5
-2024.19 2906.23 5
-4065.4 840.416 5
3413.22 3352.67 5
-2439.19 -7057.13 5
3056.25 -1671.02 5
3632.34 -4787.82 5
-2774.41 -5348.93 5
-2206.04 4652.71 5
5249.81 2857.24 5
-5286.85 -4.79844 5
6560.63 -2181.23 5
-2203.71 -6178.81 5
-3024.69 4373.34 5
-4669.59 -534.509 5
3492.18 -5417.6 5
2154 513.778 5
4961.5 -2456.03 5
4482.87 3879.35 5
332.154 -2012.93 5
6411.36 -3171.74 5
442.548 -419.148 5
608.879 -5752.07 5
-3222.03 637.268 5
-4635.39 5364.08 5
842.649 588.718 5
1428.62 881.39 5
-5780.47 -2767.76 5
5004.57 1567.8 5
2966.83 -4632.46 5
4144.17 1144.64 5
603.693 6252.42 5
-5585.85 -2511.03 5
3687.23 -5950.57 5
-6065.63 293.759 5
-3056.43 6056.09 5
1125.81 2251.86 5
-2646.18 6458.41 5
2434.66 4538.52 5
-289.25 -6164.52 5
-6448.79 -720.15 5
-912.316 1248.48 5
1390.93 -1432.86 5
-2497.64 -41.8307 5
1106.77 -5246.17 5
-2196.98 2862.64 5
4562.54 280.011 5
4076.91 6238.34 5
1735.56 7197.71 5
2255.83 -4356.25 5
618.079 3627.09 5
-3391.64 1858.78 5
-1595.28 -772.641 5
2241.89 1300.72 5
1241.9 1639.87 5
312.108 2250.4 5
2839.04 114.537 5
-5310.47 2896.7 5
146.105 511.738 5
-3430.07 -1511.46 5
5084.21 -5445.1 5
-987.937 2524.84 5
5651.97 4131.5 5
5859.61 4067.07 5
3101.51 -1232.78 5
1693.74 4441.21 5
-188.671 -3248.97 5
-5064.39 -3695.06 5
-4680.68 3478.42 5
5474.19 -9.66779 5
-913.241 3808.21 5
-6737.46 1934.11 5
3610.79 1889.95 5
416.069 1786.93 5
1302.25 5505.08 5
986.853 5343.9 5
-3383.93 -5003.87 5
-3804.37 -6051.05 5
-996.383 5921.49 5
-4212.57 5061.68 5
1959.15 -2196.99 5
1354.74 -1002.31 5
613.009 3118.96 5
2182.7 -5440.63 5
-4546.97 -4225.42 5
-3260.22 4496.16 5
3633.86 -6524.17 5
-1647.93 -4619.86 5
2462.11 -439.787 5
-5420.11 -1604.08 5
1743.99 -2858.99 5
-4534.7 3073.3 5
-4969.84 -3556.33 5
-4339.63 -5976.38 5
5519.39 2872.57 5
-4076.03 3062.71 5
-5618.43 -3458.79 5
478.956 -5736.82 5
-2950.55 5697.92 5
-3268.59 4023.14 5
-3975.03 -3624.31 5
-2668.75 -5982.07 5
-5555.64 676.442 5
1890.4 6394.18 5
-3386.66 -985.533 5
-755.628 2973.86 5
-1732.3 2895.35 5
5741.28 356.261 5
2853.4 5531.87 5
4611.38 -3145.55 5
-5281.28 932.927 5
1700.24 -1289.21 5
7111.28 120.76 5
-1547.48 7054.42 5
-486.174 -4803.33 5
3439.5 4633.06 5
-98.2426 1580.21 5
77.5933 -1645.94 5
-3316.31 -1208.9 5
-4096.64 94.7469 5
548.645 1717.32 5
1241.8 -4640.21 5
456.916 -1210.18 5
2147.94 -7020.88 5
3801 -5271.07 5
3016.49 -5386.53 5
502.882 6416.92 5
2311.8 6580.64 5
-457.443 5119.7 5
-3671.84 5398.85 5
-1966.34 -1882.89 5
3244.08 5865.94 5
4807.15 -5086.1 5
2711.68 -2048.67 5
-3152.01 -5476.34 5
-4006.67 4237.34 5
3166.32 6490.6 5
-1369.69 -7076.67 5
4856.93 -2269.43 5
-2538.86 3565.61 5
-6073.39 432.504 5
7018.77 2108.92 5
-3111.75 3551.13 5
6254.16 -136.02 5
-3167.52 -301.463 5
-5874.17 -233.305 5
-4859.27 -4393.64 5
2665.64 -1845.1 5
-5276.91 4154.19 5
4236.16 -568.488 5
5790.81 -1972.43 5
2451.02 -1303.39 5
-6197.22 -1744.42 5
-1716.56 -2681.91 5
4121.83 -2898.84 5
-3614.05 2236.42 5
2654.09 -4495.42 5
5373.12 3562.76 5
-2100.59 1877.55 5
-411.504 2965.31 5
1336.35 -4874.23 5
1363.35 766.175 5
-2210.69 -896.774 5
-1020.21 -6821.7 5
-3881.11 5404.85 5
-51.7214 -2374.09 5
7285.08 661.326 5
-1390.51 4438.9 5
-2741.8 466.014 5
1182.46 5329.38 5
-80.8861 3003.17 5
230.865 -3533.15 5
5975.89 1033.46 5
3630.93 636.199 5
3467.55 -5089.88 5
-4862.29 -2692.83 5
2940.98 1448.04 5
990.331 -1768.65 5
-4627.51 720.651 5
3143.49 -1489.72 5
-1377.12 2721.57 5
3269.45 -2102.77 5
-2497.57 5938.85 5
-79.7952 -4008.69 5
3777.48 -1799.64 5
4085.22 -1251.45 5
3118.82 -4924.66 5
-420.911 -487.099 5
-1295.84 4106.44 5
-7240.31 -1804.59 5
1849.75 -2946.53 5
-3662.97 -4335.92 5
4834.55 2394.62 5
-196.867 2185.94 5
-827.547 -5201.36 5
4248.25 2220.8 5
4825.49 -3200.66 5
3022.09 -271.481 5
5782.71 -4141.25 5
4979.84 -3141.39 5
2738.39 2246.3 5
45.9895 1502.46 5
805.203 4738.37 5
-5938.39 -3077.21 5
-4807.26 -1628.55 5
2462.39 963.859 5
-6025.29 4408.91 5
4003.64 5331.49 5
-4093.98 -946.005 5
-5723.17 2278.13 5
699.68 -274.769 5
540.985 -4199.04 5
2753.39 1246.05 5
2100.36 -4644.52 5
-4359.12 463.977 5
3465.94 845.033 5
82.33 -53.6638 5
4046.16 1122.66 5
2076.59 4059.36 5
674.887 -3033.86 5
3733.33 3080.19 5
-2965.97 128.144 5
4034.83 -3168.86 5
2333.41 392.953 5
3727.46 4380.47 5
4107.88 1080.49 5
1054.37 -2340.08 5
1533.58 -3888.88 5
-339.412 -6703.11 5
-4875.8 -2130.48 5
-5407.55 5128.89 5
4598.91 1072.31 5
-5767.06 3316.23 5
-1138.67 -5332.62 5
1728.13 -3187.16 5
3594.46 754.437 5
6380.78 -1687.88 5
-1251.73 -884.929 5
13.5641 -2347.77 5
-1873.27 5647.49 5
1741.54 1191.48 5
-2105.23 5882.38 5
2310.35 3181.29 5
5896.43 1107.93 5
6305.25 -1876.88 5
-291.726 7200.15 5
-5944.28 3657.51 5
-4740.01 468.048 5
-1324.09 1584.66 5
-2087.51 5298.08 5
5596.06 -2081.49 5
4976.6 779.909 5
-281.952 -6907.43 5
-246.127 -508.902 5
3392.79 3119.9 5
259.006 1898.2 5
2200 -3827.18 5
6312.09 5.30082 5
-6455.59 -1480.76 5
3061.29 -3672.67 5
-7443.85 451.998 5
-1821.74 4844.16 5
5977.06 74.4681 5
-3596.67 -460.275 5
-3233.47 4806.86 5
4815.52 -3101.65 5
-3300.16 6518.11 5
97.569 -392.742 5
-2150.23 -1254.12 5
-2304.3 4514.51 5
-3405 5540.44 5
1695.63 37.2332 5
-3854.18 -838.176 5
-1773.37 -6013.7 5
-538.424 2801.55 5
-2925.23 5667.89 5
-3368.42 292.037 5
-5483.3 2087.28 5
5013.93 4069.97 5
3906.92 -3361.97 5
483.268 -5668.08 5
4520.15 -2248.9 5
5113.27 3366.96 5
-1985.62 4627.3 5
5893.69 -2244.81 5
-4450.38 3220.52 5
2057.67 2226.56 5
7220.33 1920.08 5
-4940.3 2760.11 5
-3859.53 -4243.18 5
-197.946 5778.33 5
-3849.77 3218.88 5
6746.21 -1922.53 5
3377.46 -3465.49 5
7050.41 -665.16 5
3475.42 -1775.08 5
970.506 6984.91 5
-437.728 4035.77 5
-1107.48 -1689.33 5
22.0196 -1543.16 5
-2805.19 567.801 5
2257.03 -5979.51 5
-1692.87 -6724.82 5
100.199 -1534.51 5
3883.22 -2868.2 5
78.9903 3986.79 5
-1451.78 -32.9406 5
932.295 5868.23 5
5434.91 3906.3 5
-1871.61 3187.37 5
-3829.76 1721.34 5
2952.6 4672.93 5
2758.85 3700.29 5
-3657.52 -2565.86 5
56.7796 339.045 5
-1261.96 5717.42 5
3710.41 -153.432 5
-6043.45 -919.537 5
2234.35 566.596 5
4339.48 2098.26 5
-2898.19 -1852.31 5
-2173.16 -6057.21 5
-3500.55 4561.24 5
2789.25 -3164.61 5
-5594.27 -4815.21 5
2816.87 3397.14 5
5851.06 -3123.35 5
5665.16 4346.44 5
-4933.96 -1929.1 5
5377.59 -3409.74 5
3619.11 4963.73 5
891.21 6614.16 5
-795.012 -4706.02 5
-6296.94 1203.73 5
-3736.04 1027.16 5
102.043 -2133.72 5
-1077.03 5795.79 5
-6119.24 -2323.76 5
-201.942 2276.47 5
4156.5 -2035.47 5
445.822 -812.794 5
-3608.63 -3991.56 5
2900.32 4073.75 5
3977.99 2108.2 5
5304.53 5246.39 5
-1898.24 5304.3 5
3402.39 456.027 5
-4351.07 3421.66 5
-1124.44 -6336.32 5
-6087.75 -2818.21 5
-4273.05 91.8097 5
-1653.65 -6711.4 5
-84.2901 -6041.06 5
-3415.19 -1930.52 5
-3379.81 4366.87 5
2099.5 -988.537 5
4871.61 135.8 5
-3367.14 -2619.6 5
5577.69 3534.86 5
-5238.03 -3722.56 5
-7123.62 608.174 5
4481.17 -2171.6 5
-969.763 -6560.04 5
6201.04 -3009.3 5
3164.56 2575.51 5
1657.65 -2361.86 5
-5956.25 -2948.02 5
6546.01 -3560.12 5
367.55 3771.62 5
-6994.89 -2246.3 5
846.212 -4036.68 5
-1910.6 -6798.58 5
-6381.77 -710.263 5
2043.12 5299.26 5
2587.77 -146.122 5
1857.36 -4647.37 5
3110.58 6253.66 5
-1822.06 -6020.76 5
5839.26 2868.75 5
-4196.08 1724.27 5
5063.62 -152.694 5
-4628.48 1381.76 5
1765.63 -6311.11 5
-337.02 -7482.83 5
-2362.26 -6833.79 5
-3145.09 -3165.87 5
2167.36 -6974.27 5
-30.3448 1419.55 5
-950.403 1161.84 5
-1428.82 -5508.53 5
-6916.97 1014.94 5
-921.531 -5193.68 5
1351.89 -2494.34 5
-1436.16 -5175.52 5
-2630.22 1926.81 5
-4585.23 -2389.21 5
1303.32 4598.36 5
1502.92 466.773 5
934.249 -6761.66 5
630.582 3195.26 5
6276.5 1639.63 5
-258.013 5367.14 5
-663.008 977.771 5
3429.65 526.508 5
3343.31 -6247.12 5
117.828 -3211.87 5
5974.41 3029.24 5
2113.13 4977.45 5
-5531.73 -4514.62 5
-5786.22 3896.04 5
-2217.49 6850.55 5
4290.98 3879.77 5
2055.66 -7096.1 5
2275.48 2281.26 5
5886.06 4425.19 5
5351.39 -1597.69 5
430.882 -2518.16 5
-2669.61 2824.26 5
-3714.42 5771.89 5
-3359.2 4546.1 5
-5100.15 -4496.82 5
-4191.58 1265.24 5
3607.9 5327.67 5
3707.67 -286.353 5
-2899.07 6335.84 5
-5152.24 3187.07 5
-109.897 6786.41 5
2957.64 3180.02 5
-428.964 4419.98 5
5956.86 2594.74 5
-2360.77 317.269 5
-573.169 2056.73 5
-6465.82 3148.53 5
6236.84 -2478.52 5
6935.68 452.754 5
-4215.68 4884.7 5
-2825.83 -2132.07 5
-1280.12 899.386 5
5599.98 -1179.16 5
5457.32 4612.36 5
-3508.47 -6445.05 5
-3454.34 176.231 5
1270.94 4952.87 5
-711.232 -2233.37 5
5518.07 1085 5
3820.46 -6313.55 5
-1641.47 -6954.45 5
1064.32 1481.9 5
3376.25 -1163.02 5
3048.87 5776.1 5
2233.44 -3662.27 5
-797.788 -6854.03 5
-4218.2 3006.44 5
1939.05 2040.31 5
-2354.5 6509.84 5
6274.48 -3038.22 5
5803.68 -4205.2 5
5295.58 59.2422 5
-3598.33 -4030.3 5
691.011 3204.71 5
-1621.25 -4793.36 5
3995.87 3972 5
-3555.35 769.761 5
-5891.02 -2063.51 5
-2374.67 4428.83 5
1949.91 1775.78 5
392.015 5284.07 5
-4743.89 -3516.85 5
2757.34 6914.33 5
-5211.32 1993.15 5
-2152.11 6506.69 5
-6025.55 -3712.91 5
2638.49 3343.96 5
494.059 2919.11 5
-1586.56 2580.26 5
-4666.51 -2998.35 5
1361.87 2549.07 5
2807.97 5814.26 5
6491.12 990.495 5
2211.9 -3030.11 5
-970.595 -1945.49 5
-3014.46 5731.27 5
7256.32 -1370.09 5
3805.96 -6383.8 5
1038.19 -1634.28 5
-1013.29 2559.49 5
3837.74 -1554.98 5
1659.08 5961.44 5
-381.47 -5101.78 5
-3911.76 -2449.8 5
2656.14 -4786.76 5
-4288.33 1441.86 5
-2686.29 4766.34 5
-1232.11 -7031.59 5
269.846 -4278.5 5
4461.7 5231.83 5
-4733.6 -5746.37 5
-785.607 438.717 5
2475.55 -6484.86 5
-3763.6 4608.44 5
-5779.87 -3738.25 5
-301.769 1776.03 5
7155.81 834.039 5
1044.68 491.569 5
-1212.95 -2683 5
-4216 3914.52 5
1641.97 -5371.64 5
-1724.41 -3101.05 5
-3981.34 4274.6 5
3731.99 -6324.59 5
-5098.08 697.019 5
2467.52 2768.12 5
-4041.41 4161.63 5
657.472 -4647.48 5
2932.42 -3185.93 5
-5241.5 4938.73 5
977.864 -7126.21 5
-271.115 3987.09 5
441.878 3881.95 5
6852.12 -2841.49 5
1317.25 -6433.75 5
4239.6 -3413.08 5
-270.993 -5908.82 5
4443.21 1795.75 5
-1655.55 1241.7 5
2386.72 5251 5
-5430.86 -3415.04 5
2771.59 3703.47 5
2834.7 -3765.32 5
-728.423 3619.75 5
2982.28 -4632.84 5
1082.4 -4312.61 5
-6529.35 454.5 5
-4676.41 -588.082 5
3096.63 -1283.51 5
4517.86 -5308.92 5
-3679.47 -3885.72 5
-1053.56 -1261.26 5
3396.15 5577.93 5
-1589.18 -5095.03 5
1114.14 728.565 5
905.224 4358.08 5
-841.934 -4115.08 5
1265.25 7180.54 5
3578.63 181.72 5
1200.34 -5181.32 5
-2650.53 -6620.91 5
-1484.96 6808.2 5
1011.1 -647.88 5
-5540.69 2553.81 5
4708.19 -717.117 5
-3733.19 3182.64 5
551.703 1061.29 5
-1421.79 5623.19 5
-4230.31 -5511.22 5
5525.01 3135.42 5
2001.16 5600.8 5
1785.59 -5941.05 5
2993.87 -2764.81 5
-2376.26 -3270.16 5
-3717.52 -2380.78 5
-5080.89 5198.19 5
1393.96 4508.27 5
-2597.74 4304.1 5
-948.169 -893.601 5
-1032.39 2260.97 5
-1754.36 1956.09 5
-4549.48 -3978.99 5
4273.5 -2954.59 5
-5177.86 2111.05 5
-2649.31 -54.2175 5
-4315.59 5942.44 5
-1562.29 754.878 5
1774.6 -5495.13 5
-971.948 -5753.95 5
697.813 1093.95 5
3433.06 528.11 5
-4304.32 4218.13 5
-2314.27 4168.6 5
1272.85 -3948.87 5
-1469.53 -3590.62 5
-2075.03 -526.812 5
-4007.81 -6118.42 5
-339.771 -7491.56 5
728.991 -5734.17 5
5767.5 3168.21 5
-1449.21 5003.19 5
-5124.39 1457.12 5
5523.3 3392.47 5
4945.06 1743.68 5
4619.56 1378.56 5
-546.403 -5109.4 5
-1755.33 673.114 5
3473 921.934 5
3663.24 -2438.43 5
1242.84 4398.68 5
-2564.7 2532.41 5
495.848 -5540.94 5
-1640.19 -5144.44 5
-4332.91 -3395.27 5
-6740.05 -637.107 5
2221.09 -2265.13 5
-4739.73 4049.03 5
-112.687 -639.926 5
5058.71 231.642 5
-965.292 -2092.86 5
-7193.13 214.894 5
-1976.37 7217.96 5
-3144.84 -1212.47 5
-920.346 -5906.17 5
2916.34 -4130.65 5
1783.47 5943.42 5
-3665.13 -2203.77 5
5488.15 3288.28 5
-4372.35 1096.41 5
-834.177 1905.02 5
5409.43 2941.51 5
-2206.89 330.428 5
-2062.63 6488.31 5
2857.92 2703.36 5
-5141.86 -2696.11 5
2574.39 1462.81 5
-5362.86 -3371.93 5
5584.9 1253.89 5
1744.44 3909.06 5
4235.9 -3892.67 5
-59.4209 104.206 5
-6099.34 -112.312 5
6243.66 1849.76 5
-2567.1 3624.44 5
-4804.01 -1605.5 5
-1465.65 1554.47 5
-1015.8 4748.5 5
-3723.02 -6290.31 5
953.513 3146.15 5
-1393.13 7284.45 5
-3544.58 1431.4 5
-2698.64 -2575.32 5
-4370.54 5770.32 5
-17.4752 5545.01 5
-3266.33 1384.79 5
-4343.08 -946.294 5
1453.36 -4156.5 5
-229.813 6757.64 5
3276.74 2532.49 5
-3623.55 -1694.17 5
560.343 -1471.72 5
-1347.76 1960.22 5
-1960.73 -1737.9 5
-7462.35 359.869 5
-612.697 6961.76 5
5947.26 283.435 5
-1998.4 2343.3 5
1979.83 -5430.77 5
5263.4 -279.515 5
-1659.5 -1789.03 5
26.9967 -5945.72 5
4309.04 5347.23 5
-3434.12 1614.23 5
2311.25 1070.16 5
-1609 3380.87 5
3448.02 -4470.68 5
695.303 101.547 5
1467.19 -5783.47 5
2766.58 -802.385 5
-4047.55 -1736.77 5
6595.59 -2600.1 5
1344.49 7060.19 5
-1160.74 -1088 5
-2399.93 5925.61 5
-2102.1 484.202 5
-4105.49 4676.22 5
-3196.5 2373.22 5
-6944.92 1709.65 5
3550.92 5070.6 5
4267.47 -5705.75 5
3373.97 -6034.13 5
4438.11 -3953.59 5
-5773.95 2777.29 5
-1075.24 -7065.4 5
-5921.63 -2040.86 5
1087.96 -1813.95 5
6994.27 2345.18 5
-5225.04 998.317 5
-4883.67 -5388.14 5
-3511.79 -5624.81 5
-407.751 5297.42 5
-2287.87 -6602.43 5
1999.79 5479.51 5
-1760.68 6278.58 5
-229.984 -4003.87 5
5203.36 -2343.75 5
6723.89 2844.81 5
-2586.63 -5530.57 5
-1635.83 -5019.37 5
-2475.63 5242.32 5
2668 865.035 5
5229.93 833.505 5
-6105.07 1392.52 5
1124.5 -2383.72 5
2937.56 -2125.69 5
-6316.95 -1029.79 5
4659.31 4464.06 5
-1749.9 5321.11 5
-4823.26 1663.26 5
-843.275 4481.26 5
6159.95 1371.84 5
2066.68 6603.23 5
737.286 2098.89 5
690.184 4502.5 5
330.926 -739.601 5
-1337.14 -630.282 5
6750.08 464.558 5
2157.59 -101.487 5
1337.06 3603.13 5
6779.08 -2536.17 5
-5177.13 -3935.37 5
-4923.44 4383.88 5
6854.85 64.1079 5
-609.978 -2712.02 5
6634.17 -627.293 5
5143.46 4860.58 5
-5704.63 -3902.31 5
-6535.37 597.89 5
3434.6 3300.8 5
4715.42 -4506.33 5
-2002.45 -1347.15 5
5629.64 4332.94 5
-1710.46 2245.24 5
5792.85 -4595.54 5
2295.58 4233.38 5
1048.6 -4963.08 5
-1685.92 -2553.2 5
298.147 2300.9 5
4983.83 -490.366 5
-1781.81 3075.03 5
974.632 -4158.01 5
-1119.1 6051.37 5
-1065.94 3117.92 5
-4360.56 2414.11 5
-4526.61 4239.9 5
3938.72 -1784.05 5
2164.91 96.4099 5
2509.2 3450.04 5
4602.38 5032.47 5
3579.36 5796.38 5
2545.23 -1960.81 5
567.488 -3044.34 5
1517.62 -1479.16 5
-6035.64 -1298.78 5
-2777.04 -5175.21 5
-790.782 -6141.26 5
2320.25 5786.07 5
1454.94 4074.23 5
1110.16 2737.51 5
-3743.18 -5466.45 5
2852.15 -5065.03 5
-3469.48 -2962.26 5
2183.5 5637.9 5
3916.08 1735.16 5
-1360.22 -1411.79 5
-1023.42 821.866 5
6225.73 1059.01 5
-1155.67 -3031.91 5
-1288.84 678.559 5
4045.5 2236.94 5
4808.48 -636.58 5
-4569.31 863.095 5
-910.488 -6254.31 5
568.492 -3052.17 5
-3504.6 3906.4 5
-3236.97 4468.7 5
-2954.07 -3943.8 5
2811.04 5337.83 5
-2499.58 4338.01 5
-5896.61 -4263.45 5
-6733.57 2471.79 5
1448.95 -4214.55 5
4817.87 -2184.75 5
42.0102 -5954.35 5
-5762.08 -1765.37 5
2797.24 -3788.88 5
1695.24 4116.51 5
-6105.29 -4182.5 5
6462.77 663.116 5
2546.33 -3976.66 5
-1015.65 -2172.12 5
-6818.71 1569.36 5
-6786.41 -916.775 5
4301.5 -3240.29 5
-1236.82 4840.06 5
-1031.23 -2877.93 5
-5506.79 4726.17 5
-133.422 -6710.13 5
-527.363 6589.84 5
-4368.93 2421.76 5
5179.54 807.186 5
-242.431 -5638.39 5
1064.85 -1050.5 5
1485.07 2862.84 5
3680.28 288.156 5
3141.89 2550.27 5
-5648.29 2273.24 5
5622.78 -4098.57 5
2710.97 -4762.4 5
-4472.74 -3654.62 5
-5291.67 2419.07 5
-6172.62 1776.49 5
4959.25 -3535.49 5
-921.288 -6732.87 5
2779.85 6550.62 5
-2738.13 -1294.61 5
-2502.98 -2332.28 5
-2830.12 660.272 5
5053.75 4742.69 5
-2151.01 4943.33 5
3811.81 1852.57 5
1557.59 -4281.74 5
-4406.04 4000.22 5
-5542.03 -3638.34 5
-15.7155 3752.25 5
6529.46 2079.4 5
-3757.42 -2110.97 5
-2631.49 -910.391 5
-100.872 4611.34 5
2204.82 -269.155 5
-4120.37 5461.65 5
5154.58 -4236.64 5
-5158.57 3954.29 5
-457.878 -3789.39 5
-4455.45 -3727.99 5
-2794.58 -1210.19 5
-1286.18 5498.36 5
1948.04 -3350.44 5
793.603 1644.87 5
316.497 5075.93 5
1459.82 1368.81 5
-3602.92 1637.44 5
2078.03 -6945.97 5
-650.928 -5231.83 5
-5912.78 -1629.43 5
-5057.75 -4680.62 5
2847.87 2673.8 5
3298.3 -542.595 5
-7380.73 -919.262 5
-2990.72 5346.07 5
4704.89 -521.105 5
2144.57 3644.44 5
4136.06 3818.29 5
-4958.26 -3716.66 5
-6207.83 3960.06 5
-5093.54 1914.71 5
-3883.47 -6123.05 5
714.591 -698.878 5
2916.91 -2795.52 5
1606.25 3321.94 5
-5768.84 2702.83 5
1876.89 6565.03 5
5522.84 -1378.08 5
1643.91 5523.74 5
4560.25 1501.59 5
-6947.67 -2419.37 5
3607.85 4738.08 5
908.286 -7281.27 5
4724.05 -2993.01 5
1260.05 4180.42 5
-1482.5 4236.2 5
3007.43 1491.55 5
4283.22 -3094.91 5
5411.85 -222.698 5
2777.83 613.478 5
2144.97 -6108.51 5
-7041.63 -2480.72 5
467.178 -617.412 5
432.678 -3077.92 5
1201.95 -6991.54 5
-3533.96 483.686 5
-4770.19 4816.74 5
-5029.86 5086.96 5
-4285.19 -5794.38 5
1801.18 -3292.37 5
4445.28 -5763.33 5
-540.267 5995.19 5
-2698.27 -524.257 5
3007.02 559.456 5
2949.15 6693.89 5
5925.21 2929.36 5
3105.63 -479.129 5
-3303.78 409.222 5
-99.2146 -4990.29 5
-5738.83 -480.06 5
514.528 -3968.76 5
-3271.36 -3135.75 5
-2147.89 -5324.81 5
-1133.8 6161.59 5
6513.45 709.904 5
1099.38 -510.329 5
-29.4768 3993.79 5
-825.844 4639.01 5
-650.348 3049.99 5
-5964.22 -2343.97 5
-4368.75 -2342.5 5
5635.43 -1888.53 5
-1396.92 -301.884 5
-3914.35 5083.31 5
-1733.38 -1197.41 5
503.303 5092.32 5
2891.48 -1418.69 5
-4954.65 4123.68 5
3807.31 5229.88 5
-6778.48 1319 5
1582.11 -4134.41 5
-2880.84 1536.03 5
6139.87 -1999.28 5
-6023.63 1348.55 5
-2391.47 -1133.91 5
1826.77 -7196.55 5
1746.67 3606.01 5
752.542 328.356 5
-6183.63 -897.383 5
683.177 1455.38 5
3568.73 4921.73 5
631.55 1667.45 5
6253.97 455.023 5
3984.48 1139.06 5
-5043.21 -963.72 5
-3699.52 -5124 5
3340.69 1924.65 5
-3267.79 -4051.8 5
-4004.94 -5874.75 5
1354.63 4938.8 5
-3684.19 -1746.28 5
-566.858 969.391 5
-5519.87 225.702 5
-4166.64 1086.15 5
-1212.23 -218.373 5
-6858.35 -2555.71 5
3920.53 5119.77 5
-2020.73 -1294.31 5
2551.37 5353.86 5
4776.28 3943.22 5
3742.57 -1347.74 5
1105.08 -880.844 5
-3725.56 -4267.31 5
-4511.29 -3871.04 5
749.512 -231.728 5
-2008.09 -1936.69 5
-5179.48 3003.06 5
766.5 -5659.63 5
-5418.99 1771.32 5
-5592.35 -2110.61 5
584.949 4425.95 5
-237.705 -4868.02 5
4110.17 86.9013 5
6859.32 -2078.78 5
-2623.11 2368.85 5
1736.97 4646.72 5
4458.1 4369.95 5
-3035.23 -182.005 5
-4001.94 4049.19 5
5007.23 -383.647 5
7290.67 477.431 5
-170.834 -5111.64 5
-553.352 138.591 5
-1327.77 1824.08 5
1212.06 -636.163 5
2125.59 1592.55 5
-4313.82 3253.87 5
-1912.77 -5039.21 5
-2532.49 -3888.2 5
1957.9 6828.69 5
-4861.06 -396.891 5
-2887.44 847.195 5
-3154.95 3969.16 5
-3547.77 -2420.89 5
-4402.8 4413.65 5
4285.44 -1962.98 5
3008 -3335.45 5
-2508.1 -4371.68 5
-6063.23 3786.6 5
6829.87 -411.888 5
1481.19 -693.792 5
13.5086 -1666.72 5
-4411.53 -4517.14 5
1852.44 6148.73 5
-1095.01 -341.202 5
-6963.45 -370.446 5
-4946.56 -3078.32 5
-6322.37 -1191.11 5
1433.24 4555.43 5
-1511.08 -2460.71 5
275.927 2942.48 5
-4767.72 -2934.38 5
-5887.21 -2996.29 5
-5208.93 1347.98 5
2943.7 -1062.07 5
4072.1 -5710.47 5
-3237.34 -6372.55 5
-833.702 6849.96 5
2967.38 -6429.17 5
5787.85 4277.2 5
286.923 6374.09 5
-3674.49 -964.297 5
3333.89 5052.22 5
-4099.02 -2864.8 5
-5474.23 -1802.45 5
-64.1846 -1308.57 5
1139.33 547.365 5
5500.32 -4105.07 5
1693.38 3012.56 5
-6172.49 -1374.87 5
-2500.2 -2227.18 5
1433.95 -7236 5
611.852 -3480.63 5
-576.034 -5041.55 5
-7485.4 -245.383 5
4508.05 -1421.97 5
-1804.75 -161.731 5
-5989.33 2462.97 5
-4310.45 -6094.47 5
1425.46 -1716.11 5
6522.14 -2024.53 5
7.62083 -5222.42 5
-2437.29 4274.12 5
-4774.67 1439.2 5
4557.47 -3324.78 5
-894.585 2240.98 5
-994.939 -5647.98 5
-3085.28 5665.12 5
2726.4 2135.41 5
800.472 -2348.11 5
-1933 -5470.24 5
-2950.44 -462.271 5
-412.401 -1045.71 5
5146.39 1539.34 5
3088.85 -5305.46 5
-3522.3 4397.85 5
-2576.7 -6290.73 5
1430.96 -1360.72 5
-4129.07 6145.09 5
-2933.93 -421.741 5
1083.65 -5387.19 5
2052.13 7080.3 5
-5720.21 -30.6429 5
3129.35 -1798.45 5
-2374.99 -4847.38 5
946.608 1404.94 5
-1246.09 5331.27 5
25.3305 -4591.66 5
-277.969 -4356.43 5
-863.354 1106.82 5
-5787.37 3819.58 5
-4370.82 2872.8 5
3366.56 -6309.01 5
-5262.51 -2617.51 5
6027.78 2313.44 5
71.3795 67.4323 5
5669.25 4192.55 5
-4705.39 -2398.14 5
-165.731 -4676.98 5
-4053.34 1384.03 5
7377.34 817.709 5
-3554 624.586 5
1030.08 -6339.95 5
-6778.1 1285.19 5
6343.58 587.501 5
-995.683 4951.72 5
-1959.67 -6102.82 5
-418.469 -857.723 5
-1483.38 4206.41 5
4593.82 2305.36 5
-6798.34 -1283.41 5
949.058 -3257.51 5
4541.7 -86.9735 5
5098.16 2956.44 5
1165.94 -5335.73 5
454.656 -3414.62 5
-4328.34 5142.78 5
5229.15 5083.43 5
-3681.39 -3518.84 5
-2965.34 3731.02 5
444.846 -2283.52 5
-1422.63 6094.14 5
6849.6 134.518 5
-2423.22 -3920.06 5
-611.859 -1023.52 5
-519.31 5025.22 5
-830.889 5139.48 5
709.114 -7080.93 5
5993.67 1832.66 5
5439.69 -4464.66 5
2452.89 4354.12 5
-201.272 -2193.36 5
-6040.09 1191.63 5
-764.959 6745.25 5
3902.15 321.1 5
6126.62 45.3966 5
3949.84 -3772.34 5
2487.74 6021.68 5
-3416.3 4237.19 5
-290.213 -1997.61 5
-2835.18 -5763.44 5
-22.2833 -3893.65 5
6816.52 1946.43 5
2985 -3459.92 5
1390.95 7225.11 5
-2608.61 -6317.33 5
5186.65 -147.246 5
-2.64266 5496 5
2606.79 5484.8 5
-17.4017 -2157.45 5
-2807.68 -4998.26 5
-443.746 -2056.68 5
-1462.17 -5555.48 5
3505.02 -5064.45 5
-6636.19 3188.85 5
-1083.51 -7361.75 5
4135.91 -4674.11 5
1315.75 6936.71 5
1950.32 -5128.9 5
-4214.29 -5311.31 5
4027.52 4934.58 5
7126.49 -816.216 5
-1747.08 7211.98 5
-5387.92 3897.15 5
2042.76 -792.866 5
6453.47 3560.7 5
708.124 1362.31 5
1129.5 2693.03 5
-1621.03 6379.63 5
-5148.45 4924.16 5
4162.32 1058.57 5
-613.899 -3640.65 5
5586.96 -2456.72 5
2677.55 -610.571 5
1834.96 6711.19 5
-4718.61 -3903.76 5
2860.83 -555.083 5
-515.953 -2300.68 5
-4758.51 2575.52 5
-4404.89 5451.06 5
815.99 -5308.73 5
2582.52 1976.08 5
-1922.81 -5019.06 5
3924.28 -484.771 5
-4966.3 -5322.93 5
1448.45 -467.32 5
-3237.26 943.492 5
-7223.99 -1684.86 5
6438.69 -6.70961 5
-6957.75 -2022.86 5
-2913.32 -374.614 5
-153.427 -3085.71 5
-1688.21 6735.71 5
-321.608 7.71532 5
5581.07 2459.28 5
2876.21 -4416.45 5
4337.4 -4400.98 5
621.056 152.153 5
-2649.07 -3271.1 5
6856.37 -1070.76 5
1994.97 -2530.2 5
-146.644 -1977.01 5
-6342.94 3720.05 5
4917.25 -5470.73 5
3808.28 3267.18 5
-2270.53 5005.48 5
5183.85 -2831.89 5
6921.41 2410.68 5
3557.79 160.703 5
3763.48 4460.16 5
4235.79 6057.84 5
-4534.02 -855.707 5
-4321.49 -3137.02 5
-2229 6614.33 5
-855.728 4090.42 5
6192.48 3485.51 5
-7213.6 1510.46 5
-37.4533 309.142 5
-932.017 4639.37 5
-3888.19 3391.18 5
882.647 -857.938 5
-4827.82 -1773.02 5
3950.12 6301.87 5
2092.82 -5292.19 5
664.706 -3767.76 5
-4919.55 5022.78 5
4250.49 -3995.81 5
-2806.06 -2928.88 5
980.623 1979.09 5
-3853.78 -1252.82 5
685.478 -6790.14 5
1864.92 3510.05 5
3743.31 -2113.87 5
2802.46 4032.51 5
222.869 -5140.45 5
-5673.68 -3467.69 5
-5368 -3874.59 5
-5578.44 -604.905 5
-4679.73 2128.45 5
5324.59 2884.57 5
2373.39 3574.26 5
1428.51 -6517.28 5
-1811.22 1403.86 5
1922.37 -2578.29 5
-4160.72 1033.24 5
-4388.32 1476.58 5
589.651 2926.88 5
-4467.86 -6016.92 5
-884.979 3973.52 5
-4327.47 -4618.74 5
4437.09 2914.42 5
-5334.28 1840.27 5
4152.06 45.6517 5
3469.48 1655.8 5
-4500.08 5276.58 5
-1592.18 5461.64 5
2587.34 2713.12 5
-1077.49 408.029 5
-514.671 -3607.75 5
-3802.22 -3254.41 5
-2031.69 -6596.72 5
-3551.48 6025.1 5
2045.73 5586.5 5
936.179 7209.03 5
-322.261 -4327.26 5
1587.63 -3613.15 5
1687.63 -3875.86 5
-5993.02 -4085.13 5
-1377.08 -4704.59 5
6316.49 -3689.2 5
-4801.81 4970.8 5
1436.47 -4174.78 5
-2404.54 2103.02 5
2824.7 -4611.03 5
6583.47 -2113.02 5
-5064.47 1366.95 5
-3877.18 3398.8 5
-2267.67 3467.67 5
404.078 -2940.15 5
1896.32 -7239.06 5
-4471.8 2361.81 5
-812.425 -2253.49 5
-3145.35 4534.81 5
22.9916 423.851 5
4044.81 -3577.93 5
10.3672 962.364 5
-295.547 7263.53 5
-5282.68 -3345.03 5
2824.51 1615.15 5
3477.85 -927.132 5
-4069.55 -2710.48 5
-1380.62 5275.9 5
4712.37 5068.72 5
6836.37 -3064.42 5
-2474 3546.21 5
-1557.44 7094.15 5
3620.11 -4936.77 5
1806.99 -5867.55 5
-159.235 1418.34 5
-349.945 -4488 5
-530.499 -441.048 5
1363.26 596.953 5
-2264.25 -936.983 5
669.664 5342.18 5
-7190.91 1424.68 5
-3440.6 -2361.66 5
-2435.74 -6612.17 5
4054.48 -3465.05 5
5678.02 3405.85 5
6700.78 -2829.38 5
5285.21 3805.07 5
4747.96 1913.62 5
1767.14 -7054.69 5
5030.91 2342.42 5
-2285.44 -5984.51 5
-2073.46 -2958.92 5
-638.498 -1034.95 5
-1688.57 -94.2689 5
-1538.78 -111.28 5
4679.48 5283.5 5
-4732.51 -2409.97 5
4201.64 536.956 5
4062.39 2375.63 5
-3663.99 -1399.38 5
718.598 -6687.76 5
3134.09 689.916 5
4375.11 -5484.3 5
2398.94 -3651.8 5
765.465 -7227.37 5
-2820.82 -5108.81 5
-6707.09 -913.271 5
4376.78 -4921.84 5
-4188.54 6030.55 5
-3530.78 -153.054 5
2510.36 -246.769 5
1384.86 -2273.19 5
-3203.04 -5239.64 5
-4811.99 5511.03 5
4794.99 -3063.68 5
-1775.21 4602.74 5
-2117.57 6137.39 5
-6203.11 3095.8 5
738.939 595.223 5
5071.1 5009.87 5
3392.91 6537.25 5
6739.78 3222.07 5
-6480.1 -2680.78 5
-888.152 1251.03 5
3312.06 -1137.06 5
1172.85 277.663 5
3536.36 -1953.95 5
-746.082 5815.44 5
-6506.06 -1859.56 5
4691.77 -1880.86 5
-5674.98 2616.83 5
842.246 -4459.5 5
-5441.66 1083.25 5
3173.85 2355.93 5
-6006.86 4207.97 5
3464.83 1659.7 5
5526.65 -2416.29 5
1653.92 2990.18 5
568.633 -6651.75 5
-2141.75 -3833.46 5
-1030.07 -3988.31 5
5978.85 -775.419 5
-400.171 -6363.03 5
5044.65 3627.06 5
2825.51 2135.36 5
2408.13 2585.56 5
2385.06 3543.09 5
901.791 -6668.82 5
-2967.3 2891.21 5
2402.4 -6030.56 5
-3810.98 1354.65 5
4337.71 -987.85 5
5545.59 -2367.68 5
-236.43 2198.82 5
-5805.24 -1648.45 5
172.414 2008.29 5
-1220.73 -3024.06 5
2796.47 2854.63 5
-4802.92 -3837.27 5
-5007.84 -3055.51 5
2771.93 6143.53 5
-4204.79 -899.85 5
-3910.67 -2825.24 5
2669.28 1514.84 5
1289.83 -620.192 5
-3729.21 6155.61 5
-812.466 2941.47 5
999.723 281.512 5
-1695.5 2591.71 5
1750.79 -5158.15 5
3661.14 -2384.54 5
-5659.79 3276.85 5
-756.066 273.047 5
-1738.06 -951.634 5
4120.67 293.768 5
161.578 2239.25 5
-4587.93 -748.228 5
-4642.85 3656.2 5
-2744.54 -897.135 5
-6483 -1090.25 5
-5229.62 -2755.35 5
-5889.48 3020.06 5
2972.11 -1226 5
6151.98 -3322.42 5
-2009.19 -56.2751 5
6556.12 -3342.01 5
-3329.37 160.495 5
-4320.48 4789.37 5
-214.642 -2977.14 5
-5960.49 3007.15 5
-5462.89 -3121.54 5
1459.41 -6581.05 5
-3763.48 -3669.24 5
4126.9 -1075.48 5
-3052.55 4648.35 5
2319.49 -5556.38 5
-5049.13 -4512.97 5
554.263 375.049 5
5736.9 1947.45 5
5525.45 -268.096 5
3999.48 -2418.87 5
3379.74 1140.86 5
7305.31 380.022 5
5597.13 -481.248 5
-5914.95 -3576.38 5
2800.59 6317.55 5
-5121.78 3147.65 5
4722.1 1970.15 5
5562.37 3979.13 5
1330.57 5253.72 5
-6315.54 461.92 5
-441.871 5133.31 5
157.066 -6222.17 5
-2128.87 1017.99 5
-1804.14 -5755.4 5
-1717.23 679.091 5
-2654.16 3166.8 5
-985.178 -801.287 5
446.039 1661.23 5
3367.99 3285.76 5
247.703 -2859.18 5
2208.97 899.178 5
-2340.02 5921.42 5
4531.67 -4754.32 5
-991.399 -2677.77 5
-252.597 66.6695 5
-3276.18 746.41 5
6573.71 376.193 5
510.816 -1888.99 5
-1394.34 375.826 5
-1597.49 -1360.12 5
-3284.85 -897.449 5
-6445.81 -3265.09 5
-3266.82 586.371 5
2171.74 -1481.92 5
-89.9526 -6140.45 5
296.822 -1259.77 5
-4494.04 5627.01 5
-7336.71 159.438 5
-2160.15 644.949 5
5323.75 -2561.77 5
-473.461 3215.88 5
-1563.17 2945.96 5
4040.01 5466.18 5
-3129.17 -919.248 5
-1755.76 -2109.92 5
-4804.06 -5107.45 5
-156.972 -2904.83 5
5008.43 -2523.03 5
5147.99 -4884.9 5
4328.15 1109.4 5
-1013.96 -6172.53 5
-2451.14 4469.84 5
408.174 -5059.95 5
4716.42 -5424.6 5
446.372 3783.62 5
-5150.79 52.4049 5
6508.57 -3218.22 5
-4752.15 -820.134 5
-4902.79 1501.3 5
6664.77 3254.35 5
2190.24 -5196.97 5
4069.5 -3818.25 5
-400.225 1394.92 5
5192.72 1888.71 5
-2487.44 -1571.79 5
6924.24 -433.196 5
923.544 -1448.18 5
3170.05 -6707.24 5
246.19 2230.72 5
1368.07 6144.78 5
4740.91 -880.48 5
-1165.12 5362.52 5
1747.8 6486.5 5
-7144.13 977.299 5
-217.74 -4090.13 5
1265.12 -6320.96 5
-1456.75 6713.11 5
702.362 3460.37 5
4551.09 2933.78 5
-5039.51 5100.52 5
5446.12 -4090.3 5
1059.96 6306.67 5
2954.93 3604.29 5
4574.44 4712.01 5
-3021.47 1045.01 5
-1998.23 734.1 5
3913.81 949.528 5
-5967.83 -2208.93 5
3842.37 -2272.99 5
-4037.76 -1698.43 5
5451.06 -2678.57 5
-3836.59 -131.347 5
-648.338 -7129.69 5
-1363.84 -1829.45 5
-6687.49 2808.32 5
7.72734 1854.7 5
-3464.44 1435.58 5
-4848.5 -2904.47 5
-3775.11 5071.29 5
-33.5442 761.306 5
1896.2 -4000.45 5
6412.49 981.408 5
-86.4653 -6457.45 5
5483.59 -1925.94 5
1018.51 4204.01 5
-1154.31 441.708 5
3667.04 -2986.61 5
-1409.65 -5722.06 5
5841.1 -1885.68 5
2000.96 2527.89 5
1114.85 6800.92 5
364.204 -3512.5 5
-3163.55 -3735.25 5
948.671 -2333.2 5
797.839 4950.62 5
1229.12 -7081.08 5
3677.81 2563.52 5
6287.32 635.956 5
4845.34 -1999.1 5
1397.57 5703.57 5
-4945.6 -183.266 5
3845.63 -630.465 5
275.79 5846.01 5
492.781 -2522.48 5
2038.9 -2593.61 5
-3757.65 -2385.05 5
-1350.18 3652.45 5
6064.59 -2399.53 5
38.4298 -1542.08 5
90.6949 1505.03 5
-4378.67 4499.09 5
-2774.57 1786.38 5
-4726.72 4509.29 5
4060.7 1844.51 5
-3715.32 -401.719 5
-6421.25 -1078.76 5
-7252.32 -1382.2 5
3867.11 -2098.28 5
-183.903 6938 5
-6823.4 -170.105 5
1395.33 -218.353 5
-893.502 -2200.57 5
2031.72 -5535.62 5
3532.88 -934.517 5
1824.08 -4920.01 5
-3664.87 532.16 5
-3694.84 6237.55 5
7468.94 514.936 5
-4068.15 -4357.1 5
1339.21 5942.59 5
6588.02 -1679.05 5
-6729.11 23.1044 5
-5853.77 1378.5 5
-5428.38 -3716.05 5
-4542.65 4946.58 5
-6779.51 -1265.3 5
-4223.08 5291.23 5
2890.34 -1711.06 5
6790.5 -3091.63 5
1304.11 1854.33 5
-4368.85 -827.467 5
5784.61 -4722.85 5
1182.9 1079.54 5
-2279.54 -2736.96 5
-318.53 3180.69 5
-1222.94 3937.48 5
-4416.34 -936.97 5
1513.96 -5535.81 5
316.939 49.1101 5
2020.66 2095.41 5
5437.7 -1641.67 5
5722.55 2890.07 5
-3964.93 -4688.85 5
-6245.72 -3428.95 5
6219.47 -1792.76 5
-3432.13 297.657 5
1873.53 -1754.47 5
6288.6 3246.88 5
2229.27 -176.267 5
-7092.14 -654.313 5
-3038.75 -5632.31 5
-4809.96 2395.58 5
2349.51 -859.656 5
6257.47 -1412.19 5
-3432.5 -2263.97 5
5919.08 -866.028 5
-5997.81 2427.66 5
-1149.92 -1355.08 5
4490.37 -2250.91 5
3598.14 3359.9 5
-419.371 3009 5
573.696 4662.97 5
179.334 6136.25 5
2996.18 -5739.96 5
-2782.07 3359.84 5
-3945.26 -5170.55 5
-304.365 5057.77 5
-2323.47 3958.04 5
-980.393 -5819.84 5
-2778.15 -3300.02 5
-5536.04 -3899.03 5
-2998.78 -2759.21 5
-6016.81 4446.23 5
-2594.17 2668.98 5
-3680.33 5060.58 5
-2084.86 4967.6 5
-2357.73 -1555.86 5
-3081.15 4094.25 5
4230.74 3134.41 5
3759.78 -5897.26 5
-5126.75 -1239.33 5
3781.76 -5692.5 5
2787.17 -1543.24 5
-2399.53 -4839.65 5
-6558.13 3095.38 5
1782.03 6240.93 5
-2927.14 -1545.53 5
-243.556 -3893.39 5
-1703.6 -3130.33 5
-268.485 -3180.66 5
1389.98 6122.91 5
542.484 -2972.56 5
4664.1 -3701.09 5
-1786.41 -5585.16 5
-4358.57 3497.14 5
1520.64 -3999.8 5
-2771.99 4030.28 5
-4958.96 -1895.18 5
2976.75 -2001.36 5
2270.83 1928.94 5
-109.382 -1349.88 5
-3013.15 -1754.36 5
2454.97 -6075.31 5
1638.9 3868.2 5
4878.46 5228.13 5
-2926.62 2467.26 5
-6202.05 -3445.69 5
-6341.24 -113.679 5
4385.08 -5825.35 5
-1123.58 -6858.42 5
1128.15 4123.84 5
6765.51 -333.883 5
-1405.22 1891.46 5
-5512.02 -2821.77 5
-2242.69 -959.244 5
5230.43 572.832 5
-6286.62 -960.29 5
-3268.58 4133.14 5
3760.77 -3496.27 5
2442.04 4838.66 5
-1192.72 5656.85 5
-2297.45 6411.84 5
-1761.77 2663.77 5
2102.78 179.804 5
6874.65 1088.6 5
-5262.16 -2654.36 5
3839.44 5844.94 5
-4862.02 3488.24 5
5666.96 -4299.86 5
-4076.67 2024.75 5
2274.07 6173.56 5
-7229.18 -1321.61 5
3535.82 -3144.58 5
-1342.64 -1616.55 5
461.921 -1549.34 5
6179.17 3492.68 5
-2884.28 -3553.75 5
-3521.49 5556.52 5
1532.6 -3750.96 5
510.823 3093.92 5
5877.86 -4198.59 5
-5829.75 -2267.53 5
709.336 6087.91 5
4424.38 319.808 5
-1511.69 5141.88 5
-3064.32 -5528.86 5
5852.51 146.659 5
-3290.98 -441.851 5
1215.92 5427.41 5
838.559 4814.1 5
5507.1 -2561.17 5
-2536.35 1381.95 5
64.3202 6248 5
-3712.05 2339.48 5
-934.311 1786.52 5
2475.89 -5497.44 5
3814.69 1320.99 5
5047.28 -4224.52 5
-1074.61 -7129.11 5
4839.15 -2364.48 5
-6281.21 -2227.61 5
5880.19 3389.83 5
-118.148 4113.29 5
-5272.25 -754.715 5
-3264.42 4051.94 5
4836.37 -4779.47 5
-741.355 4922.14 5
6845.59 -2386.59 5
-949.379 -551.596 5
-907.002 1448.28 5
-3507.08 403.193 5
-5795.22 -4068.51 5
1565.11 -5437.82 5
-5419.68 -5061 5
837.072 1555.07 5
-5815.42 4440.99 5
147.011 -970.03 5
5589.85 -4652.21 5
3475.43 -2269.28 5
6819.53 -2803.01 5
-5677.18 2299.06 5
-729.413 -5026.28 5
-2952.03 6020.3 5
6439.6 -63.2204 5
-4167.12 -545.988 5
624.141 6076.43 5
-4792.1 3156.99 5
-4278.72 -737.681 5
-4637.46 4867.37 5
-5926.68 1833.6 5
3671.97 -6524.67 5
-3876.2 3129.63 5
2813.14 4639.01 5
789.171 -4303.67 5
-2763.09 -6546.54 5
-1886.89 5984.92 5
-2309.33 4945.87 5
2681.92 5321.49 5
4735.47 5700.02 5
1168.64 2350.1 5
829.187 -4698.88 5
2647.04 6929.46 5
-3966.14 4373.2 5
-286.012 4847.95 5
-2786.08 -1955.87 5
2163.85 375.248 5
-3182.65 4787.19 5
-25.7061 3134.56 5
-2973.84 -3726.98 5
824.494 -5019.46 5
-6430.54 -2440.36 5
-4795.78 2404.86 5
4258.8 3143.63 5
679.65 6932.38 5
1533.14 7104.17 5
-4029.85 -2901.87 5
-1167.45 -1518.76 5
2543.89 934.211 5
1739.59 -771.536 5
2362.18 -6070.81 5
1618.77 5878.53 5
-1771.55 6465.42 5
4623.72 5163.41 5
2001.9 1713.68 5
-1068.03 -3285.04 5
3146.49 -299.689 5
5007.33 -2232.39 5
-968.618 2224.22 5
2382.52 -4604.44 5
-1556.87 -862.395 5
-2711.12 1875.95 5
4035.89 -729.583 5
2186.65 5967.27 5
-3141.49 -6582.01 5
4568.8 2277.24 5
917.729 -2270.59 5
-6546.49 -1320.46 5
3746.74 -3348.18 5
-3306.65 -95.5608 5
6059.58 1252.66 5
-210.664 1157.16 5
-5227.98 -423.177 5
2375.9 4887.53 5
-3599.45 3624.09 5
-2510.95 -3902.67 5
-1079.27 -217.717 5
5363.17 -2148.2 5
-1127.04 753.662 5
1059.32 -7420.61 5
-1708.99 -60.1319 5
626.673 -2714.63 5
89.5563 3984.94 5
712.458 4360.95 5
-4032.73 5263.4 5
6581.53 94.9112 5
-3120.46 697.851 5
4983.79 5564.18 5
5963.5 4349.49 5
2856.57 4781.68 5
6752.82 1623.08 5
-1266.46 -6618.21 5
4020.85 87.8608 5
4260.72 4224.1 5
2500.06 1897.99 5
-5664.99 -3446.15 5
6382.18 -1888.6 5
-174.458 -3026.76 5
6189.52 604.227 5
-482.991 3596.19 5
-6647.96 2667.97 5
-6456.97 1827.93 5
5779.64 -183.756 5
1189.83 1482.79 5
-3450.87 -666.707 5
-1442.62 1145.04 5
2613.15 -3376.65 5
-2920.86 5344.15 5
-842.324 4599.2 5
-448.48 -671.854 5
-766.606 1284.38 5
442.871 3792.86 5
-121.889 -16.042 5
-3256.5 -3319.09 5
500.447 -2221.79 5
681.319 -6813.32 5
-2446.23 2853.23 5
5874.68 1929.43 5
-2189.85 2868.15 5
-533.017 -1241.69 5
661.35 4951.47 5
4818.81 2063.31 5
3883.3 5761.86 5
630.621 5492.22 5
2131.7 -2587.95 5
229.476 -2306.06 5
-5448.76 -4289.03 5
911.261 7009.19 5
-3989.4 224.647 5
195.215 1468.8 5
3106.14 6379.03 5
-2169.26 -5657.12 5
2032.16 1533.94 5
-2140.72 4723.5 5
-136.455 -6466.35 5
3771.87 -2754.76 5
-2290.81 -4674.33 5
-5214.72 -4973.97 5
5315.68 2502.92 5
-3030.17 6579.09 5
4324.78 2132.32 5
-2329.45 1145.73 5
-609.915 -6186.46 5
-146.726 -7212.12 5
-2718 -6034.75 5
2070.48 -1171.4 5
-1466.49 5984.77 5
6077.56 1182.86 5
2115.97 -4060.38 5
4052.43 1780.24 5
-149.56 879.581 5
-1818.06 3630.01 5
-1556.08 -1962.93 5
1625.84 4721.24 5
-224.969 -1866.95 5
-4555.31 -4782.62 5
-1193.83 653.073 5
-3797.67 -5036.97 5
-6129.98 -54.4796 5
-1619.48 -6.46491 5
-540.752 -1086.07 5
2660.79 -4151.19 5
3151.85 -1064.13 5
1532.9 6526.06 5
-416.957 6861.75 5
-174.836 661.196 5
-1083.84 -6973.84 5
-1998.05 4018.94 5
1248.3 -6169.15 5
2085.04 4323.55 5
6530.73 1685.02 5
-4609.2 4084.95 5
1853.65 3346.14 5
2641.49 230.017 5
-1746.89 -1403.55 5
-3532.92 -2254.35 5
-2824.17 5668.59 5
1373.83 -2270.77 5
-412.807 -4689.7 5
-1402.26 -4355.07 5
-560.334 5321.67 5
3013.12 -5052.47 5
-7260.27 192.277 5
-5916.48 2984.28 5
0 0 GW
0 0 GW
